Period,Day,Cases_Spain,DeathsAccum_Spain,RecoveredAccum_Spain,Cases_Madrid,Deaths_Madrid,Deaths_Spain,Recovered_Spain,CasesAccum_Madrid,DeathsAccum_Madrid,Cases_VariationRate_Madrid,Deaths_VariationRate_Madrid,CasesAccum_VariationRate_Madrid,DeathsAccum_VariationRate_Madrid,CasesAccum_Spain,Cases_VariationRate_Spain,CasesAccum_VariationRate_Spain,Deaths_VariationRate_Spain,DeathsAccum_VariationRate_Spain,Recovered_VariationRate_Spain,RecoveredAccum_VariationRate_Spain
2020-01-31,0,1.0,,0.0,,,0.0,0.0,,,,,,,1.0,,,,,,
2020-02-01,1,0.0,,0.0,,,,0.0,,,,,,,1.0,,0.0,,,,
2020-02-02,2,0.0,,0.0,,,,0.0,,,,,,,1.0,,0.0,,,,
2020-02-03,3,0.0,,0.0,,,,0.0,,,,,,,1.0,,0.0,,,,
2020-02-04,4,0.0,,0.0,,,,0.0,,,,,,,1.0,,0.0,,,,
2020-02-05,5,0.0,,0.0,,,,0.0,,,,,,,1.0,,0.0,,,,
2020-02-06,6,0.0,,0.0,,,,0.0,,,,,,,1.0,,0.0,,,,
2020-02-07,7,0.0,,0.0,,,,0.0,,,,,,,1.0,,0.0,,,,
2020-02-08,8,0.0,,0.0,,,,0.0,,,,,,,1.0,,0.0,,,,
2020-02-09,9,1.0,,0.0,,,,0.0,,,,,,,2.0,,100.0,,,,
2020-02-10,10,0.0,,0.0,,,,0.0,,,,,,,2.0,,0.0,,,,
2020-02-11,11,0.0,,0.0,,,,0.0,,,,,,,2.0,,0.0,,,,
2020-02-12,12,0.0,,0.0,,,,0.0,,,,,,,2.0,,0.0,,,,
2020-02-13,13,0.0,1.0,0.0,,,,0.0,,,,,,,2.0,,0.0,,,,
2020-02-14,14,0.0,1.0,2.0,,,0.0,2.0,,,,,,,2.0,,0.0,,0.0,inf,inf
2020-02-15,15,0.0,1.0,2.0,,,0.0,0.0,,,,,,,2.0,,0.0,,0.0,-100.0,0.0
2020-02-16,16,0.0,1.0,2.0,,,0.0,0.0,,,,,,,2.0,,0.0,,0.0,,0.0
2020-02-17,17,0.0,1.0,2.0,,,0.0,0.0,,,,,,,2.0,,0.0,,0.0,,0.0
2020-02-18,18,0.0,1.0,2.0,,,0.0,0.0,,,,,,,2.0,,0.0,,0.0,,0.0
2020-02-19,19,0.0,1.0,2.0,,,0.0,0.0,,,,,,,2.0,,0.0,,0.0,,0.0
2020-02-20,20,0.0,1.0,2.0,,,0.0,0.0,,,,,,,2.0,,0.0,,0.0,,0.0
2020-02-21,21,0.0,1.0,2.0,,,0.0,0.0,,,,,,,2.0,,0.0,,0.0,,0.0
2020-02-22,22,0.0,1.0,2.0,,,0.0,0.0,,,,,,,2.0,,0.0,,0.0,,0.0
2020-02-23,23,0.0,1.0,2.0,,,0.0,0.0,,,,,,,2.0,,0.0,,0.0,,0.0
2020-02-24,24,0.0,1.0,2.0,,,0.0,0.0,,,,,,,2.0,,0.0,,0.0,,0.0
2020-02-25,25,3.0,1.0,2.0,,,0.0,0.0,,,,,,,5.0,,150.0,,0.0,,0.0
2020-02-26,26,5.0,1.0,2.0,,,0.0,0.0,,,,,,,10.0,,100.0,,0.0,,0.0
2020-02-27,27,7.0,1.0,2.0,2.0,,0.0,0.0,2.0,,,,,,17.0,,70.0,,0.0,,0.0
2020-02-28,28,16.0,1.0,2.0,1.0,,0.0,0.0,3.0,,-50.0,,50.0,,33.0,,94.11764705882352,,0.0,,0.0
2020-02-29,29,17.0,1.0,2.0,5.0,,0.0,0.0,8.0,,400.0,,166.66666666666666,,50.0,,51.515151515151516,,0.0,,0.0
2020-03-01,30,23.0,1.0,2.0,4.0,,0.0,0.0,12.0,,-19.999999999999996,,50.0,,73.0,,46.0,,0.0,,0.0
2020-03-02,31,46.0,1.0,3.0,18.0,,0.0,1.0,30.0,,350.0,,150.0,,119.0,,63.01369863013699,,0.0,inf,50.0
2020-03-03,32,31.0,1.0,3.0,17.0,,0.0,0.0,47.0,,-5.555555555555558,,56.666666666666664,,150.0,,26.050420168067223,,0.0,-100.0,0.0
2020-03-04,33,48.0,1.0,3.0,21.0,,0.0,0.0,68.0,,23.529411764705888,,44.6808510638298,,198.0,,32.00000000000001,,0.0,,0.0
2020-03-05,34,39.0,3.0,10.0,20.0,,2.0,7.0,88.0,,-4.761904761904767,,29.41176470588236,,237.0,inf,19.696969696969703,inf,200.0,inf,233.33333333333334
2020-03-06,35,128.0,5.0,10.0,47.0,,2.0,0.0,135.0,,135.0,,53.40909090909092,,365.0,0.0,54.00843881856541,0.0,66.66666666666667,-100.0,0.0
2020-03-07,36,65.0,8.0,30.0,37.0,,3.0,20.0,172.0,,-21.276595744680847,,27.407407407407412,,430.0,50.0,17.808219178082197,50.0,60.00000000000001,inf,200.0
2020-03-08,37,159.0,17.0,30.0,28.0,,9.0,0.0,200.0,,-24.32432432432432,,16.279069767441868,,589.0,200.0,36.9767441860465,200.0,112.5,-100.0,0.0
2020-03-09,38,410.0,29.0,30.0,375.0,,12.0,0.0,575.0,,1239.2857142857142,,187.5,,999.0,33.33333333333333,69.6095076400679,33.33333333333333,70.58823529411764,,0.0
2020-03-10,39,623.0,36.0,135.0,205.0,,7.0,105.0,780.0,,-45.333333333333336,,35.65217391304347,,1622.0,-41.666666666666664,62.36236236236237,-41.666666666666664,24.13793103448276,inf,350.0
2020-03-11,40,380.0,50.0,138.0,242.0,,14.0,3.0,1022.0,,18.048780487804873,,31.025641025641026,,2002.0,100.0,23.42786683107274,100.0,38.888888888888886,-97.14285714285714,2.2222222222222143
2020-03-12,41,966.0,84.0,189.0,364.0,0.0,34.0,51.0,1386.0,0.0,50.41322314049588,,35.616438356164394,,2968.0,142.85714285714283,48.25174825174825,142.85714285714283,68.0,1600.0,36.956521739130444
2020-03-13,42,1241.0,121.0,193.0,602.0,,37.0,4.0,1988.0,,65.38461538461537,,43.434343434343425,,4209.0,8.823529411764696,41.81266846361187,8.823529411764696,44.047619047619044,-92.15686274509804,2.1164021164021163
2020-03-14,43,1544.0,193.0,517.0,950.0,2.0,72.0,324.0,2938.0,2.0,57.80730897009967,inf,47.78672032193158,inf,5753.0,94.59459459459461,36.68329769541459,94.59459459459461,59.50413223140496,8000.0,167.8756476683938
2020-03-15,44,2000.0,292.0,517.0,604.0,6.0,99.0,0.0,3542.0,8.0,-36.421052631578945,200.0,20.558202859087803,300.0,7753.0,37.5,34.76447071093342,37.5,51.29533678756477,-100.0,0.0
2020-03-16,45,1398.0,309.0,530.0,621.0,7.0,17.0,13.0,4163.0,15.0,2.81456953642385,16.666666666666675,17.532467532467532,87.5,9151.0,-82.82828282828282,18.031729653037544,-82.82828282828282,5.821917808219168,inf,2.5145067698259194
2020-03-17,46,2027.0,491.0,1028.0,706.0,11.0,182.0,498.0,4869.0,26.0,13.687600644122377,57.14285714285714,16.958923852990626,73.33333333333334,11178.0,970.5882352941176,22.150584635558946,970.5882352941176,58.89967637540454,3730.7692307692305,93.9622641509434
2020-03-18,47,2538.0,598.0,1081.0,766.0,19.0,107.0,53.0,5635.0,45.0,8.498583569405094,72.72727272727273,15.732183199835692,73.07692307692308,13716.0,-41.208791208791204,22.705314009661826,-41.208791208791204,21.79226069246436,-89.35742971887551,5.155642023346307
2020-03-19,48,3431.0,767.0,1107.0,1140.0,23.0,169.0,26.0,6775.0,68.0,48.82506527415145,21.052631578947366,20.23070097604258,51.11111111111111,17147.0,57.94392523364487,25.014581510644508,57.94392523364487,28.260869565217384,-50.943396226415096,2.405180388529149
2020-03-20,49,2833.0,1002.0,1585.0,388.0,30.0,235.0,478.0,7163.0,98.0,-65.96491228070175,30.434782608695656,5.7269372693727005,44.11764705882353,19980.0,39.053254437869825,16.521840555199162,39.053254437869825,30.63885267275097,1738.4615384615383,43.17976513098465
2020-03-21,50,4946.0,1326.0,2125.0,1756.0,40.0,324.0,540.0,8919.0,138.0,352.57731958762884,33.33333333333333,24.514868072036865,40.816326530612244,24926.0,37.87234042553192,24.75475475475475,37.87234042553192,32.335329341317376,12.970711297071125,34.069400630914835
2020-03-22,51,3646.0,1720.0,2575.0,781.0,47.0,394.0,450.0,9700.0,185.0,-55.52391799544418,17.500000000000004,8.756587061329736,34.05797101449275,28572.0,21.604938271604944,14.627296798523638,21.604938271604944,29.713423831070894,-16.666666666666664,21.176470588235286
2020-03-23,52,4517.0,2182.0,3355.0,873.0,58.0,462.0,780.0,10573.0,243.0,11.779769526248396,23.404255319148938,9.000000000000007,31.35135135135134,33089.0,17.25888324873097,15.80918381632368,17.25888324873097,26.860465116279066,73.33333333333334,30.291262135922324
2020-03-24,53,6584.0,2696.0,3794.0,1777.0,87.0,514.0,439.0,12350.0,330.0,103.55097365406642,50.0,16.806961127399987,35.802469135802475,39673.0,11.255411255411252,19.897851249660015,11.255411255411252,23.556370302474793,-43.717948717948715,13.08494783904619
2020-03-25,54,7937.0,3434.0,5367.0,2245.0,113.0,738.0,1573.0,14595.0,443.0,26.336522228474955,29.885057471264375,18.178137651821856,34.24242424242425,47610.0,43.57976653696498,20.00604945428881,43.57976653696498,27.373887240356076,258.3143507972665,41.460200316288876
2020-03-26,55,8578.0,4089.0,7015.0,2569.0,134.0,655.0,1648.0,17164.0,577.0,14.432071269487757,18.584070796460182,17.60191846522783,30.24830699774266,56188.0,-11.246612466124661,18.017223272421766,-11.246612466124661,19.073966220151426,4.76795931341385,30.70616731880007
2020-03-27,56,7871.0,4858.0,9357.0,2077.0,144.0,769.0,2342.0,19241.0,721.0,-19.151420786298168,7.462686567164178,12.100908879049177,24.956672443674165,64059.0,17.404580152671745,14.008329180607948,17.404580152671745,18.806554169723654,42.111650485436904,33.38560228082681
2020-03-28,57,8189.0,5690.0,12285.0,2277.0,175.0,832.0,2928.0,21518.0,896.0,9.62927298988927,21.527777777777768,11.834104256535527,24.271844660194162,72248.0,8.192457737321202,12.783527685414997,8.192457737321202,17.126389460683413,25.02134927412467,31.292080795126644
2020-03-29,58,6549.0,6528.0,14709.0,1157.0,207.0,838.0,2424.0,22675.0,1103.0,-49.18752744839702,18.285714285714285,5.3768937633609015,23.10267857142858,78797.0,0.7211538461538547,9.064610785073635,0.7211538461538547,14.727592267135314,-17.213114754098356,19.73137973137973
2020-03-30,59,6398.0,7340.0,16780.0,1413.0,236.0,812.0,2071.0,24088.0,1339.0,22.126188418323256,14.009661835748787,6.23153252480706,21.39619220308251,85195.0,-3.1026252983293534,8.119598461870382,-3.1026252983293534,12.438725490196067,-14.562706270627068,14.079815079203218
